data_trmm_openblas( 10, 1:3 ) = [    0    0    0.00 ];
data_trmm_openblas( 10, 1:3 ) = [ 2000 2000   98.56 ];
data_trmm_openblas(  9, 1:3 ) = [ 1800 1800   97.07 ];
data_trmm_openblas(  8, 1:3 ) = [ 1600 1600   41.19 ];
data_trmm_openblas(  7, 1:3 ) = [ 1400 1400   42.75 ];
data_trmm_openblas(  6, 1:3 ) = [ 1200 1200   98.88 ];
data_trmm_openblas(  5, 1:3 ) = [ 1000 1000   96.54 ];
data_trmm_openblas(  4, 1:3 ) = [  800  800   94.71 ];
data_trmm_openblas(  3, 1:3 ) = [  600  600   87.10 ];
data_trmm_openblas(  2, 1:3 ) = [  400  400   87.55 ];
data_trmm_openblas(  1, 1:3 ) = [  200  200   62.89 ];
