data_her2_openblas( 50, 1:2 ) = [    0    0.00 ];
data_her2_openblas( 50, 1:2 ) = [ 2000    6.33 ];
data_her2_openblas( 49, 1:2 ) = [ 1960    4.87 ];
data_her2_openblas( 48, 1:2 ) = [ 1920    6.30 ];
data_her2_openblas( 47, 1:2 ) = [ 1880    6.27 ];
data_her2_openblas( 46, 1:2 ) = [ 1840    6.97 ];
data_her2_openblas( 45, 1:2 ) = [ 1800    6.91 ];
data_her2_openblas( 44, 1:2 ) = [ 1760    6.91 ];
data_her2_openblas( 43, 1:2 ) = [ 1720    6.91 ];
data_her2_openblas( 42, 1:2 ) = [ 1680    7.17 ];
data_her2_openblas( 41, 1:2 ) = [ 1640    7.29 ];
data_her2_openblas( 40, 1:2 ) = [ 1600    7.16 ];
data_her2_openblas( 39, 1:2 ) = [ 1560    7.13 ];
data_her2_openblas( 38, 1:2 ) = [ 1520    7.31 ];
data_her2_openblas( 37, 1:2 ) = [ 1480    7.57 ];
data_her2_openblas( 36, 1:2 ) = [ 1440    7.96 ];
data_her2_openblas( 35, 1:2 ) = [ 1400    8.47 ];
data_her2_openblas( 34, 1:2 ) = [ 1360    8.59 ];
data_her2_openblas( 33, 1:2 ) = [ 1320   10.16 ];
data_her2_openblas( 32, 1:2 ) = [ 1280    9.71 ];
data_her2_openblas( 31, 1:2 ) = [ 1240   11.05 ];
data_her2_openblas( 30, 1:2 ) = [ 1200   12.61 ];
data_her2_openblas( 29, 1:2 ) = [ 1160   13.86 ];
data_her2_openblas( 28, 1:2 ) = [ 1120   13.87 ];
data_her2_openblas( 27, 1:2 ) = [ 1080   14.73 ];
data_her2_openblas( 26, 1:2 ) = [ 1040   17.88 ];
data_her2_openblas( 25, 1:2 ) = [ 1000   19.72 ];
data_her2_openblas( 24, 1:2 ) = [  960   17.60 ];
data_her2_openblas( 23, 1:2 ) = [  920   20.22 ];
data_her2_openblas( 22, 1:2 ) = [  880   21.63 ];
data_her2_openblas( 21, 1:2 ) = [  840   21.71 ];
data_her2_openblas( 20, 1:2 ) = [  800   21.81 ];
data_her2_openblas( 19, 1:2 ) = [  760   21.67 ];
data_her2_openblas( 18, 1:2 ) = [  720   21.38 ];
data_her2_openblas( 17, 1:2 ) = [  680   20.97 ];
data_her2_openblas( 16, 1:2 ) = [  640   21.33 ];
data_her2_openblas( 15, 1:2 ) = [  600   20.28 ];
data_her2_openblas( 14, 1:2 ) = [  560   20.91 ];
data_her2_openblas( 13, 1:2 ) = [  520   20.33 ];
data_her2_openblas( 12, 1:2 ) = [  480   20.30 ];
data_her2_openblas( 11, 1:2 ) = [  440   19.36 ];
data_her2_openblas( 10, 1:2 ) = [  400   19.51 ];
data_her2_openblas(  9, 1:2 ) = [  360   19.20 ];
data_her2_openblas(  8, 1:2 ) = [  320   17.81 ];
data_her2_openblas(  7, 1:2 ) = [  280   17.23 ];
data_her2_openblas(  6, 1:2 ) = [  240   15.16 ];
data_her2_openblas(  5, 1:2 ) = [  200   14.04 ];
data_her2_openblas(  4, 1:2 ) = [  160   12.19 ];
data_her2_openblas(  3, 1:2 ) = [  120   10.67 ];
data_her2_openblas(  2, 1:2 ) = [   80    7.53 ];
data_her2_openblas(  1, 1:2 ) = [   40    3.20 ];
