data_trv_mkl( 50, 1:2 ) = [    0    0.00 ];
data_trsv_mkl( 50, 1:2 ) = [ 2000    5.18 ];
data_trsv_mkl( 49, 1:2 ) = [ 1960    6.26 ];
data_trsv_mkl( 48, 1:2 ) = [ 1920    5.61 ];
data_trsv_mkl( 47, 1:2 ) = [ 1880    5.32 ];
data_trsv_mkl( 46, 1:2 ) = [ 1840    6.85 ];
data_trsv_mkl( 45, 1:2 ) = [ 1800    7.39 ];
data_trsv_mkl( 44, 1:2 ) = [ 1760    6.55 ];
data_trsv_mkl( 43, 1:2 ) = [ 1720    8.29 ];
data_trsv_mkl( 42, 1:2 ) = [ 1680    8.51 ];
data_trsv_mkl( 41, 1:2 ) = [ 1640    9.25 ];
data_trsv_mkl( 40, 1:2 ) = [ 1600    9.30 ];
data_trsv_mkl( 39, 1:2 ) = [ 1560    9.79 ];
data_trsv_mkl( 38, 1:2 ) = [ 1520    7.92 ];
data_trsv_mkl( 37, 1:2 ) = [ 1480   11.34 ];
data_trsv_mkl( 36, 1:2 ) = [ 1440   11.52 ];
data_trsv_mkl( 35, 1:2 ) = [ 1400    9.65 ];
data_trsv_mkl( 34, 1:2 ) = [ 1360   12.59 ];
data_trsv_mkl( 33, 1:2 ) = [ 1320   12.24 ];
data_trsv_mkl( 32, 1:2 ) = [ 1280   12.75 ];
data_trsv_mkl( 31, 1:2 ) = [ 1240   12.89 ];
data_trsv_mkl( 30, 1:2 ) = [ 1200   12.80 ];
data_trsv_mkl( 29, 1:2 ) = [ 1160   12.99 ];
data_trsv_mkl( 28, 1:2 ) = [ 1120   13.07 ];
data_trsv_mkl( 27, 1:2 ) = [ 1080   13.09 ];
data_trsv_mkl( 26, 1:2 ) = [ 1040   12.68 ];
data_trsv_mkl( 25, 1:2 ) = [ 1000   13.50 ];
data_trsv_mkl( 24, 1:2 ) = [  960   13.45 ];
data_trsv_mkl( 23, 1:2 ) = [  920   13.65 ];
data_trsv_mkl( 22, 1:2 ) = [  880   13.59 ];
data_trsv_mkl( 21, 1:2 ) = [  840   13.36 ];
data_trsv_mkl( 20, 1:2 ) = [  800   13.22 ];
data_trsv_mkl( 19, 1:2 ) = [  760   13.16 ];
data_trsv_mkl( 18, 1:2 ) = [  720   13.03 ];
data_trsv_mkl( 17, 1:2 ) = [  680   12.99 ];
data_trsv_mkl( 16, 1:2 ) = [  640   12.76 ];
data_trsv_mkl( 15, 1:2 ) = [  600   12.68 ];
data_trsv_mkl( 14, 1:2 ) = [  560   12.70 ];
data_trsv_mkl( 13, 1:2 ) = [  520   12.18 ];
data_trsv_mkl( 12, 1:2 ) = [  480   12.13 ];
data_trsv_mkl( 11, 1:2 ) = [  440   11.95 ];
data_trsv_mkl( 10, 1:2 ) = [  400   11.76 ];
data_trsv_mkl(  9, 1:2 ) = [  360   11.47 ];
data_trsv_mkl(  8, 1:2 ) = [  320   11.51 ];
data_trsv_mkl(  7, 1:2 ) = [  280   11.04 ];
data_trsv_mkl(  6, 1:2 ) = [  240   10.67 ];
data_trsv_mkl(  5, 1:2 ) = [  200   10.53 ];
data_trsv_mkl(  4, 1:2 ) = [  160    9.85 ];
data_trsv_mkl(  3, 1:2 ) = [  120    8.47 ];
data_trsv_mkl(  2, 1:2 ) = [   80    6.40 ];
data_trsv_mkl(  1, 1:2 ) = [   40    4.00 ];
