data_her_blis( 50, 1:2 ) = [    0    0.00 ];
data_her_blis( 50, 1:2 ) = [ 2000    2.75 ];
data_her_blis( 49, 1:2 ) = [ 1960    2.23 ];
data_her_blis( 48, 1:2 ) = [ 1920    2.65 ];
data_her_blis( 47, 1:2 ) = [ 1880    2.83 ];
data_her_blis( 46, 1:2 ) = [ 1840    2.87 ];
data_her_blis( 45, 1:2 ) = [ 1800    2.91 ];
data_her_blis( 44, 1:2 ) = [ 1760    2.95 ];
data_her_blis( 43, 1:2 ) = [ 1720    2.91 ];
data_her_blis( 42, 1:2 ) = [ 1680    2.99 ];
data_her_blis( 41, 1:2 ) = [ 1640    2.91 ];
data_her_blis( 40, 1:2 ) = [ 1600    2.87 ];
data_her_blis( 39, 1:2 ) = [ 1560    2.99 ];
data_her_blis( 38, 1:2 ) = [ 1520    2.93 ];
data_her_blis( 37, 1:2 ) = [ 1480    3.06 ];
data_her_blis( 36, 1:2 ) = [ 1440    3.15 ];
data_her_blis( 35, 1:2 ) = [ 1400    3.22 ];
data_her_blis( 34, 1:2 ) = [ 1360    3.21 ];
data_her_blis( 33, 1:2 ) = [ 1320    3.52 ];
data_her_blis( 32, 1:2 ) = [ 1280    3.20 ];
data_her_blis( 31, 1:2 ) = [ 1240    4.00 ];
data_her_blis( 30, 1:2 ) = [ 1200    4.10 ];
data_her_blis( 29, 1:2 ) = [ 1160    3.86 ];
data_her_blis( 28, 1:2 ) = [ 1120    4.86 ];
data_her_blis( 27, 1:2 ) = [ 1080    5.35 ];
data_her_blis( 26, 1:2 ) = [ 1040    4.85 ];
data_her_blis( 25, 1:2 ) = [ 1000    5.84 ];
data_her_blis( 24, 1:2 ) = [  960    5.97 ];
data_her_blis( 23, 1:2 ) = [  920    8.11 ];
data_her_blis( 22, 1:2 ) = [  880    9.06 ];
data_her_blis( 21, 1:2 ) = [  840    9.48 ];
data_her_blis( 20, 1:2 ) = [  800    9.57 ];
data_her_blis( 19, 1:2 ) = [  760    9.48 ];
data_her_blis( 18, 1:2 ) = [  720    9.76 ];
data_her_blis( 17, 1:2 ) = [  680    9.86 ];
data_her_blis( 16, 1:2 ) = [  640    9.85 ];
data_her_blis( 15, 1:2 ) = [  600    9.81 ];
data_her_blis( 14, 1:2 ) = [  560    9.86 ];
data_her_blis( 13, 1:2 ) = [  520    9.62 ];
data_her_blis( 12, 1:2 ) = [  480    9.40 ];
data_her_blis( 11, 1:2 ) = [  440    9.44 ];
data_her_blis( 10, 1:2 ) = [  400    9.52 ];
data_her_blis(  9, 1:2 ) = [  360    9.39 ];
data_her_blis(  8, 1:2 ) = [  320    9.31 ];
data_her_blis(  7, 1:2 ) = [  280    9.22 ];
data_her_blis(  6, 1:2 ) = [  240    9.29 ];
data_her_blis(  5, 1:2 ) = [  200    9.76 ];
data_her_blis(  4, 1:2 ) = [  160    9.48 ];
data_her_blis(  3, 1:2 ) = [  120    9.00 ];
data_her_blis(  2, 1:2 ) = [   80    7.11 ];
data_her_blis(  1, 1:2 ) = [   40    4.00 ];
