data_trmv_mkl( 50, 1:2 ) = [    0    0.00 ];
data_trmv_mkl( 50, 1:2 ) = [ 2000    7.05 ];
data_trmv_mkl( 49, 1:2 ) = [ 1960    6.10 ];
data_trmv_mkl( 48, 1:2 ) = [ 1920    5.02 ];
data_trmv_mkl( 47, 1:2 ) = [ 1880    3.42 ];
data_trmv_mkl( 46, 1:2 ) = [ 1840    7.70 ];
data_trmv_mkl( 45, 1:2 ) = [ 1800    7.59 ];
data_trmv_mkl( 44, 1:2 ) = [ 1760    8.72 ];
data_trmv_mkl( 43, 1:2 ) = [ 1720    8.35 ];
data_trmv_mkl( 42, 1:2 ) = [ 1680    9.74 ];
data_trmv_mkl( 41, 1:2 ) = [ 1640   10.21 ];
data_trmv_mkl( 40, 1:2 ) = [ 1600    8.86 ];
data_trmv_mkl( 39, 1:2 ) = [ 1560   10.81 ];
data_trmv_mkl( 38, 1:2 ) = [ 1520    7.09 ];
data_trmv_mkl( 37, 1:2 ) = [ 1480   11.43 ];
data_trmv_mkl( 36, 1:2 ) = [ 1440    9.40 ];
data_trmv_mkl( 35, 1:2 ) = [ 1400   12.13 ];
data_trmv_mkl( 34, 1:2 ) = [ 1360   11.57 ];
data_trmv_mkl( 33, 1:2 ) = [ 1320   10.76 ];
data_trmv_mkl( 32, 1:2 ) = [ 1280   13.03 ];
data_trmv_mkl( 31, 1:2 ) = [ 1240   12.68 ];
data_trmv_mkl( 30, 1:2 ) = [ 1200   13.38 ];
data_trmv_mkl( 29, 1:2 ) = [ 1160   13.55 ];
data_trmv_mkl( 28, 1:2 ) = [ 1120   13.62 ];
data_trmv_mkl( 27, 1:2 ) = [ 1080   13.44 ];
data_trmv_mkl( 26, 1:2 ) = [ 1040   13.67 ];
data_trmv_mkl( 25, 1:2 ) = [ 1000   13.23 ];
data_trmv_mkl( 24, 1:2 ) = [  960   13.71 ];
data_trmv_mkl( 23, 1:2 ) = [  920   13.67 ];
data_trmv_mkl( 22, 1:2 ) = [  880   13.80 ];
data_trmv_mkl( 21, 1:2 ) = [  840   13.70 ];
data_trmv_mkl( 20, 1:2 ) = [  800   12.98 ];
data_trmv_mkl( 19, 1:2 ) = [  760   13.82 ];
data_trmv_mkl( 18, 1:2 ) = [  720   13.71 ];
data_trmv_mkl( 17, 1:2 ) = [  680   13.56 ];
data_trmv_mkl( 16, 1:2 ) = [  640   13.47 ];
data_trmv_mkl( 15, 1:2 ) = [  600   13.28 ];
data_trmv_mkl( 14, 1:2 ) = [  560   13.18 ];
data_trmv_mkl( 13, 1:2 ) = [  520   12.24 ];
data_trmv_mkl( 12, 1:2 ) = [  480   12.87 ];
data_trmv_mkl( 11, 1:2 ) = [  440   12.74 ];
data_trmv_mkl( 10, 1:2 ) = [  400   12.70 ];
data_trmv_mkl(  9, 1:2 ) = [  360   12.34 ];
data_trmv_mkl(  8, 1:2 ) = [  320   12.34 ];
data_trmv_mkl(  7, 1:2 ) = [  280   12.25 ];
data_trmv_mkl(  6, 1:2 ) = [  240   13.39 ];
data_trmv_mkl(  5, 1:2 ) = [  200   13.33 ];
data_trmv_mkl(  4, 1:2 ) = [  160   12.80 ];
data_trmv_mkl(  3, 1:2 ) = [  120   12.00 ];
data_trmv_mkl(  2, 1:2 ) = [   80   10.67 ];
data_trmv_mkl(  1, 1:2 ) = [   40    8.00 ];
