data_trmm_blis( 10, 1:3 ) = [    0    0    0.00 ];
data_trmm_blis( 10, 1:3 ) = [ 2000 2000   54.30 ];
data_trmm_blis(  9, 1:3 ) = [ 1800 1800   54.37 ];
data_trmm_blis(  8, 1:3 ) = [ 1600 1600   53.18 ];
data_trmm_blis(  7, 1:3 ) = [ 1400 1400   53.17 ];
data_trmm_blis(  6, 1:3 ) = [ 1200 1200   52.60 ];
data_trmm_blis(  5, 1:3 ) = [ 1000 1000   52.14 ];
data_trmm_blis(  4, 1:3 ) = [  800  800   51.56 ];
data_trmm_blis(  3, 1:3 ) = [  600  600   52.88 ];
data_trmm_blis(  2, 1:3 ) = [  400  400   52.68 ];
data_trmm_blis(  1, 1:3 ) = [  200  200   46.78 ];
