data_hemv_mkl( 50, 1:2 ) = [    0    0.00 ];
data_hemv_mkl( 50, 1:2 ) = [ 2000    9.31 ];
data_hemv_mkl( 49, 1:2 ) = [ 1960    9.16 ];
data_hemv_mkl( 48, 1:2 ) = [ 1920    8.65 ];
data_hemv_mkl( 47, 1:2 ) = [ 1880   11.62 ];
data_hemv_mkl( 46, 1:2 ) = [ 1840   10.48 ];
data_hemv_mkl( 45, 1:2 ) = [ 1800   12.19 ];
data_hemv_mkl( 44, 1:2 ) = [ 1760   12.08 ];
data_hemv_mkl( 43, 1:2 ) = [ 1720   13.00 ];
data_hemv_mkl( 42, 1:2 ) = [ 1680   12.90 ];
data_hemv_mkl( 41, 1:2 ) = [ 1640   11.23 ];
data_hemv_mkl( 40, 1:2 ) = [ 1600   12.50 ];
data_hemv_mkl( 39, 1:2 ) = [ 1560   13.34 ];
data_hemv_mkl( 38, 1:2 ) = [ 1520   13.32 ];
data_hemv_mkl( 37, 1:2 ) = [ 1480   13.55 ];
data_hemv_mkl( 36, 1:2 ) = [ 1440   14.01 ];
data_hemv_mkl( 35, 1:2 ) = [ 1400   14.83 ];
data_hemv_mkl( 34, 1:2 ) = [ 1360   15.71 ];
data_hemv_mkl( 33, 1:2 ) = [ 1320   15.32 ];
data_hemv_mkl( 32, 1:2 ) = [ 1280   15.91 ];
data_hemv_mkl( 31, 1:2 ) = [ 1240   16.46 ];
data_hemv_mkl( 30, 1:2 ) = [ 1200   15.22 ];
data_hemv_mkl( 29, 1:2 ) = [ 1160   16.48 ];
data_hemv_mkl( 28, 1:2 ) = [ 1120   16.41 ];
data_hemv_mkl( 27, 1:2 ) = [ 1080   16.57 ];
data_hemv_mkl( 26, 1:2 ) = [ 1040   16.65 ];
data_hemv_mkl( 25, 1:2 ) = [ 1000   16.74 ];
data_hemv_mkl( 24, 1:2 ) = [  960   16.49 ];
data_hemv_mkl( 23, 1:2 ) = [  920   16.55 ];
data_hemv_mkl( 22, 1:2 ) = [  880   16.60 ];
data_hemv_mkl( 21, 1:2 ) = [  840   16.74 ];
data_hemv_mkl( 20, 1:2 ) = [  800   16.71 ];
data_hemv_mkl( 19, 1:2 ) = [  760   16.74 ];
data_hemv_mkl( 18, 1:2 ) = [  720   16.59 ];
data_hemv_mkl( 17, 1:2 ) = [  680   16.48 ];
data_hemv_mkl( 16, 1:2 ) = [  640   16.42 ];
data_hemv_mkl( 15, 1:2 ) = [  600   16.22 ];
data_hemv_mkl( 14, 1:2 ) = [  560   16.25 ];
data_hemv_mkl( 13, 1:2 ) = [  520   16.19 ];
data_hemv_mkl( 12, 1:2 ) = [  480   16.00 ];
data_hemv_mkl( 11, 1:2 ) = [  440   15.87 ];
data_hemv_mkl( 10, 1:2 ) = [  400   15.61 ];
data_hemv_mkl(  9, 1:2 ) = [  360   15.61 ];
data_hemv_mkl(  8, 1:2 ) = [  320   15.52 ];
data_hemv_mkl(  7, 1:2 ) = [  280   15.84 ];
data_hemv_mkl(  6, 1:2 ) = [  240   16.22 ];
data_hemv_mkl(  5, 1:2 ) = [  200   16.00 ];
data_hemv_mkl(  4, 1:2 ) = [  160   15.52 ];
data_hemv_mkl(  3, 1:2 ) = [  120   15.16 ];
data_hemv_mkl(  2, 1:2 ) = [   80   14.22 ];
data_hemv_mkl(  1, 1:2 ) = [   40   10.67 ];
