data_ger_openblas( 50, 1:3 ) = [    0    0    0.00 ];
data_ger_openblas( 50, 1:3 ) = [ 2000 2000    4.09 ];
data_ger_openblas( 49, 1:3 ) = [ 1960 1960    2.34 ];
data_ger_openblas( 48, 1:3 ) = [ 1920 1920    4.21 ];
data_ger_openblas( 47, 1:3 ) = [ 1880 1880    4.22 ];
data_ger_openblas( 46, 1:3 ) = [ 1840 1840    4.35 ];
data_ger_openblas( 45, 1:3 ) = [ 1800 1800    4.35 ];
data_ger_openblas( 44, 1:3 ) = [ 1760 1760    4.38 ];
data_ger_openblas( 43, 1:3 ) = [ 1720 1720    4.43 ];
data_ger_openblas( 42, 1:3 ) = [ 1680 1680    4.85 ];
data_ger_openblas( 41, 1:3 ) = [ 1640 1640    4.95 ];
data_ger_openblas( 40, 1:3 ) = [ 1600 1600    4.96 ];
data_ger_openblas( 39, 1:3 ) = [ 1560 1560    5.49 ];
data_ger_openblas( 38, 1:3 ) = [ 1520 1520    5.90 ];
data_ger_openblas( 37, 1:3 ) = [ 1480 1480    5.86 ];
data_ger_openblas( 36, 1:3 ) = [ 1440 1440    6.63 ];
data_ger_openblas( 35, 1:3 ) = [ 1400 1400    6.15 ];
data_ger_openblas( 34, 1:3 ) = [ 1360 1360    7.83 ];
data_ger_openblas( 33, 1:3 ) = [ 1320 1320    7.66 ];
data_ger_openblas( 32, 1:3 ) = [ 1280 1280    8.65 ];
data_ger_openblas( 31, 1:3 ) = [ 1240 1240    9.66 ];
data_ger_openblas( 30, 1:3 ) = [ 1200 1200   10.27 ];
data_ger_openblas( 29, 1:3 ) = [ 1160 1160   11.63 ];
data_ger_openblas( 28, 1:3 ) = [ 1120 1120   13.09 ];
data_ger_openblas( 27, 1:3 ) = [ 1080 1080   14.47 ];
data_ger_openblas( 26, 1:3 ) = [ 1040 1040   13.82 ];
data_ger_openblas( 25, 1:3 ) = [ 1000 1000   17.68 ];
data_ger_openblas( 24, 1:3 ) = [  960  960   20.92 ];
data_ger_openblas( 23, 1:3 ) = [  920  920   22.88 ];
data_ger_openblas( 22, 1:3 ) = [  880  880   25.02 ];
data_ger_openblas( 21, 1:3 ) = [  840  840   26.23 ];
data_ger_openblas( 20, 1:3 ) = [  800  800   27.47 ];
data_ger_openblas( 19, 1:3 ) = [  760  760   28.18 ];
data_ger_openblas( 18, 1:3 ) = [  720  720   29.37 ];
data_ger_openblas( 17, 1:3 ) = [  680  680   28.90 ];
data_ger_openblas( 16, 1:3 ) = [  640  640   28.95 ];
data_ger_openblas( 15, 1:3 ) = [  600  600   29.03 ];
data_ger_openblas( 14, 1:3 ) = [  560  560   29.17 ];
data_ger_openblas( 13, 1:3 ) = [  520  520   28.61 ];
data_ger_openblas( 12, 1:3 ) = [  480  480   28.80 ];
data_ger_openblas( 11, 1:3 ) = [  440  440   28.06 ];
data_ger_openblas( 10, 1:3 ) = [  400  400   27.35 ];
data_ger_openblas(  9, 1:3 ) = [  360  360   26.18 ];
data_ger_openblas(  8, 1:3 ) = [  320  320   26.60 ];
data_ger_openblas(  7, 1:3 ) = [  280  280   26.13 ];
data_ger_openblas(  6, 1:3 ) = [  240  240   24.51 ];
data_ger_openblas(  5, 1:3 ) = [  200  200   23.53 ];
data_ger_openblas(  4, 1:3 ) = [  160  160   22.26 ];
data_ger_openblas(  3, 1:3 ) = [  120  120   20.57 ];
data_ger_openblas(  2, 1:3 ) = [   80   80   12.80 ];
data_ger_openblas(  1, 1:3 ) = [   40   40    8.00 ];
