data_her2k_mkl( 10, 1:3 ) = [    0    0    0.00 ];
data_her2k_mkl( 10, 1:3 ) = [ 2000 2000   41.99 ];
data_her2k_mkl(  9, 1:3 ) = [ 1800 1800   40.89 ];
data_her2k_mkl(  8, 1:3 ) = [ 1600 1600   40.03 ];
data_her2k_mkl(  7, 1:3 ) = [ 1400 1400   39.46 ];
data_her2k_mkl(  6, 1:3 ) = [ 1200 1200   39.55 ];
data_her2k_mkl(  5, 1:3 ) = [ 1000 1000   39.66 ];
data_her2k_mkl(  4, 1:3 ) = [  800  800   39.21 ];
data_her2k_mkl(  3, 1:3 ) = [  600  600   41.95 ];
data_her2k_mkl(  2, 1:3 ) = [  400  400   41.32 ];
data_her2k_mkl(  1, 1:3 ) = [  200  200   44.61 ];
