data_her2k_blis( 10, 1:3 ) = [    0    0    0.00 ];
data_her2k_blis( 10, 1:3 ) = [ 2000 2000   52.07 ];
data_her2k_blis(  9, 1:3 ) = [ 1800 1800   51.46 ];
data_her2k_blis(  8, 1:3 ) = [ 1600 1600   50.79 ];
data_her2k_blis(  7, 1:3 ) = [ 1400 1400   51.16 ];
data_her2k_blis(  6, 1:3 ) = [ 1200 1200   49.64 ];
data_her2k_blis(  5, 1:3 ) = [ 1000 1000   49.69 ];
data_her2k_blis(  4, 1:3 ) = [  800  800   47.75 ];
data_her2k_blis(  3, 1:3 ) = [  600  600   49.24 ];
data_her2k_blis(  2, 1:3 ) = [  400  400   51.52 ];
data_her2k_blis(  1, 1:3 ) = [  200  200   46.65 ];
