data_gemv_mkl( 50, 1:3 ) = [    0    0    0.00 ];
data_gemv_mkl( 50, 1:3 ) = [ 2000 2000    6.51 ];
data_gemv_mkl( 49, 1:3 ) = [ 1960 1960    6.15 ];
data_gemv_mkl( 48, 1:3 ) = [ 1920 1920    5.81 ];
data_gemv_mkl( 47, 1:3 ) = [ 1880 1880    6.07 ];
data_gemv_mkl( 46, 1:3 ) = [ 1840 1840    6.49 ];
data_gemv_mkl( 45, 1:3 ) = [ 1800 1800    7.01 ];
data_gemv_mkl( 44, 1:3 ) = [ 1760 1760    7.16 ];
data_gemv_mkl( 43, 1:3 ) = [ 1720 1720    7.47 ];
data_gemv_mkl( 42, 1:3 ) = [ 1680 1680    7.69 ];
data_gemv_mkl( 41, 1:3 ) = [ 1640 1640    7.92 ];
data_gemv_mkl( 40, 1:3 ) = [ 1600 1600    8.32 ];
data_gemv_mkl( 39, 1:3 ) = [ 1560 1560    9.16 ];
data_gemv_mkl( 38, 1:3 ) = [ 1520 1520    9.01 ];
data_gemv_mkl( 37, 1:3 ) = [ 1480 1480    9.93 ];
data_gemv_mkl( 36, 1:3 ) = [ 1440 1440   10.36 ];
data_gemv_mkl( 35, 1:3 ) = [ 1400 1400    8.64 ];
data_gemv_mkl( 34, 1:3 ) = [ 1360 1360   10.84 ];
data_gemv_mkl( 33, 1:3 ) = [ 1320 1320   11.53 ];
data_gemv_mkl( 32, 1:3 ) = [ 1280 1280   11.30 ];
data_gemv_mkl( 31, 1:3 ) = [ 1240 1240   11.89 ];
data_gemv_mkl( 30, 1:3 ) = [ 1200 1200   12.80 ];
data_gemv_mkl( 29, 1:3 ) = [ 1160 1160   12.80 ];
data_gemv_mkl( 28, 1:3 ) = [ 1120 1120   12.91 ];
data_gemv_mkl( 27, 1:3 ) = [ 1080 1080   14.00 ];
data_gemv_mkl( 26, 1:3 ) = [ 1040 1040   13.95 ];
data_gemv_mkl( 25, 1:3 ) = [ 1000 1000   14.34 ];
data_gemv_mkl( 24, 1:3 ) = [  960  960   12.46 ];
data_gemv_mkl( 23, 1:3 ) = [  920  920   14.59 ];
data_gemv_mkl( 22, 1:3 ) = [  880  880   13.99 ];
data_gemv_mkl( 21, 1:3 ) = [  840  840   15.14 ];
data_gemv_mkl( 20, 1:3 ) = [  800  800   15.17 ];
data_gemv_mkl( 19, 1:3 ) = [  760  760   15.26 ];
data_gemv_mkl( 18, 1:3 ) = [  720  720   15.09 ];
data_gemv_mkl( 17, 1:3 ) = [  680  680   15.01 ];
data_gemv_mkl( 16, 1:3 ) = [  640  640   14.95 ];
data_gemv_mkl( 15, 1:3 ) = [  600  600   14.94 ];
data_gemv_mkl( 14, 1:3 ) = [  560  560   15.04 ];
data_gemv_mkl( 13, 1:3 ) = [  520  520   14.82 ];
data_gemv_mkl( 12, 1:3 ) = [  480  480   14.91 ];
data_gemv_mkl( 11, 1:3 ) = [  440  440   14.89 ];
data_gemv_mkl( 10, 1:3 ) = [  400  400   14.75 ];
data_gemv_mkl(  9, 1:3 ) = [  360  360   14.90 ];
data_gemv_mkl(  8, 1:3 ) = [  320  320   15.06 ];
data_gemv_mkl(  7, 1:3 ) = [  280  280   15.08 ];
data_gemv_mkl(  6, 1:3 ) = [  240  240   15.16 ];
data_gemv_mkl(  5, 1:3 ) = [  200  200   15.09 ];
data_gemv_mkl(  4, 1:3 ) = [  160  160   16.00 ];
data_gemv_mkl(  3, 1:3 ) = [  120  120   16.00 ];
data_gemv_mkl(  2, 1:3 ) = [   80   80   14.22 ];
data_gemv_mkl(  1, 1:3 ) = [   40   40   10.67 ];
