data_herk_mkl( 10, 1:3 ) = [    0    0    0.00 ];
data_herk_mkl( 10, 1:3 ) = [ 2000 2000   39.50 ];
data_herk_mkl(  9, 1:3 ) = [ 1800 1800   39.93 ];
data_herk_mkl(  8, 1:3 ) = [ 1600 1600   39.05 ];
data_herk_mkl(  7, 1:3 ) = [ 1400 1400   39.51 ];
data_herk_mkl(  6, 1:3 ) = [ 1200 1200   39.14 ];
data_herk_mkl(  5, 1:3 ) = [ 1000 1000   38.33 ];
data_herk_mkl(  4, 1:3 ) = [  800  800   37.44 ];
data_herk_mkl(  3, 1:3 ) = [  600  600   36.71 ];
data_herk_mkl(  2, 1:3 ) = [  400  400   32.40 ];
data_herk_mkl(  1, 1:3 ) = [  200  200   28.63 ];
