data_hemm_blis( 10, 1:3 ) = [    0    0    0.00 ];
data_hemm_blis( 10, 1:3 ) = [ 2000 2000   55.62 ];
data_hemm_blis(  9, 1:3 ) = [ 1800 1800   55.85 ];
data_hemm_blis(  8, 1:3 ) = [ 1600 1600   55.57 ];
data_hemm_blis(  7, 1:3 ) = [ 1400 1400   55.94 ];
data_hemm_blis(  6, 1:3 ) = [ 1200 1200   54.55 ];
data_hemm_blis(  5, 1:3 ) = [ 1000 1000   53.97 ];
data_hemm_blis(  4, 1:3 ) = [  800  800   53.65 ];
data_hemm_blis(  3, 1:3 ) = [  600  600   56.50 ];
data_hemm_blis(  2, 1:3 ) = [  400  400   55.11 ];
data_hemm_blis(  1, 1:3 ) = [  200  200   54.22 ];
