data_gemm_openblas( 10, 1:4 ) = [    0    0    0    0.00 ];
data_gemm_openblas( 10, 1:4 ) = [ 2000 2000 2000   47.83 ];
data_gemm_openblas(  9, 1:4 ) = [ 1800 1800 1800   87.43 ];
data_gemm_openblas(  8, 1:4 ) = [ 1600 1600 1600   97.64 ];
data_gemm_openblas(  7, 1:4 ) = [ 1400 1400 1400   89.06 ];
data_gemm_openblas(  6, 1:4 ) = [ 1200 1200 1200   89.14 ];
data_gemm_openblas(  5, 1:4 ) = [ 1000 1000 1000   51.63 ];
data_gemm_openblas(  4, 1:4 ) = [  800  800  800   53.60 ];
data_gemm_openblas(  3, 1:4 ) = [  600  600  600   39.06 ];
data_gemm_openblas(  2, 1:4 ) = [  400  400  400   55.70 ];
data_gemm_openblas(  1, 1:4 ) = [  200  200  200   50.08 ];
