data_hemv_blis( 50, 1:2 ) = [    0    0.00 ];
data_hemv_blis( 50, 1:2 ) = [ 2000    4.18 ];
data_hemv_blis( 49, 1:2 ) = [ 1960    4.19 ];
data_hemv_blis( 48, 1:2 ) = [ 1920    4.15 ];
data_hemv_blis( 47, 1:2 ) = [ 1880    4.10 ];
data_hemv_blis( 46, 1:2 ) = [ 1840    4.15 ];
data_hemv_blis( 45, 1:2 ) = [ 1800    3.98 ];
data_hemv_blis( 44, 1:2 ) = [ 1760    3.93 ];
data_hemv_blis( 43, 1:2 ) = [ 1720    4.22 ];
data_hemv_blis( 42, 1:2 ) = [ 1680    4.26 ];
data_hemv_blis( 41, 1:2 ) = [ 1640    4.17 ];
data_hemv_blis( 40, 1:2 ) = [ 1600    4.35 ];
data_hemv_blis( 39, 1:2 ) = [ 1560    3.97 ];
data_hemv_blis( 38, 1:2 ) = [ 1520    4.39 ];
data_hemv_blis( 37, 1:2 ) = [ 1480    4.40 ];
data_hemv_blis( 36, 1:2 ) = [ 1440    4.44 ];
data_hemv_blis( 35, 1:2 ) = [ 1400    4.41 ];
data_hemv_blis( 34, 1:2 ) = [ 1360    4.45 ];
data_hemv_blis( 33, 1:2 ) = [ 1320    4.46 ];
data_hemv_blis( 32, 1:2 ) = [ 1280    4.39 ];
data_hemv_blis( 31, 1:2 ) = [ 1240    4.53 ];
data_hemv_blis( 30, 1:2 ) = [ 1200    4.50 ];
data_hemv_blis( 29, 1:2 ) = [ 1160    4.54 ];
data_hemv_blis( 28, 1:2 ) = [ 1120    4.49 ];
data_hemv_blis( 27, 1:2 ) = [ 1080    4.54 ];
data_hemv_blis( 26, 1:2 ) = [ 1040    4.54 ];
data_hemv_blis( 25, 1:2 ) = [ 1000    4.54 ];
data_hemv_blis( 24, 1:2 ) = [  960    4.56 ];
data_hemv_blis( 23, 1:2 ) = [  920    4.48 ];
data_hemv_blis( 22, 1:2 ) = [  880    4.55 ];
data_hemv_blis( 21, 1:2 ) = [  840    4.51 ];
data_hemv_blis( 20, 1:2 ) = [  800    4.56 ];
data_hemv_blis( 19, 1:2 ) = [  760    4.56 ];
data_hemv_blis( 18, 1:2 ) = [  720    4.54 ];
data_hemv_blis( 17, 1:2 ) = [  680    4.46 ];
data_hemv_blis( 16, 1:2 ) = [  640    4.42 ];
data_hemv_blis( 15, 1:2 ) = [  600    4.49 ];
data_hemv_blis( 14, 1:2 ) = [  560    4.50 ];
data_hemv_blis( 13, 1:2 ) = [  520    4.51 ];
data_hemv_blis( 12, 1:2 ) = [  480    4.47 ];
data_hemv_blis( 11, 1:2 ) = [  440    4.45 ];
data_hemv_blis( 10, 1:2 ) = [  400    4.50 ];
data_hemv_blis(  9, 1:2 ) = [  360    4.47 ];
data_hemv_blis(  8, 1:2 ) = [  320    4.43 ];
data_hemv_blis(  7, 1:2 ) = [  280    4.40 ];
data_hemv_blis(  6, 1:2 ) = [  240    4.40 ];
data_hemv_blis(  5, 1:2 ) = [  200    4.42 ];
data_hemv_blis(  4, 1:2 ) = [  160    4.34 ];
data_hemv_blis(  3, 1:2 ) = [  120    4.17 ];
data_hemv_blis(  2, 1:2 ) = [   80    3.88 ];
data_hemv_blis(  1, 1:2 ) = [   40    3.20 ];
