data_trmv_blis( 50, 1:2 ) = [    0    0.00 ];
data_trmv_blis( 50, 1:2 ) = [ 2000    6.00 ];
data_trmv_blis( 49, 1:2 ) = [ 1960    5.48 ];
data_trmv_blis( 48, 1:2 ) = [ 1920    8.25 ];
data_trmv_blis( 47, 1:2 ) = [ 1880    9.49 ];
data_trmv_blis( 46, 1:2 ) = [ 1840    8.86 ];
data_trmv_blis( 45, 1:2 ) = [ 1800    9.90 ];
data_trmv_blis( 44, 1:2 ) = [ 1760    6.90 ];
data_trmv_blis( 43, 1:2 ) = [ 1720   11.85 ];
data_trmv_blis( 42, 1:2 ) = [ 1680   12.09 ];
data_trmv_blis( 41, 1:2 ) = [ 1640    9.39 ];
data_trmv_blis( 40, 1:2 ) = [ 1600   11.92 ];
data_trmv_blis( 39, 1:2 ) = [ 1560   13.02 ];
data_trmv_blis( 38, 1:2 ) = [ 1520   16.39 ];
data_trmv_blis( 37, 1:2 ) = [ 1480    9.72 ];
data_trmv_blis( 36, 1:2 ) = [ 1440   16.38 ];
data_trmv_blis( 35, 1:2 ) = [ 1400   15.42 ];
data_trmv_blis( 34, 1:2 ) = [ 1360   16.54 ];
data_trmv_blis( 33, 1:2 ) = [ 1320   18.90 ];
data_trmv_blis( 32, 1:2 ) = [ 1280   14.40 ];
data_trmv_blis( 31, 1:2 ) = [ 1240   18.98 ];
data_trmv_blis( 30, 1:2 ) = [ 1200   18.44 ];
data_trmv_blis( 29, 1:2 ) = [ 1160   18.90 ];
data_trmv_blis( 28, 1:2 ) = [ 1120   17.74 ];
data_trmv_blis( 27, 1:2 ) = [ 1080   19.03 ];
data_trmv_blis( 26, 1:2 ) = [ 1040   18.39 ];
data_trmv_blis( 25, 1:2 ) = [ 1000   18.83 ];
data_trmv_blis( 24, 1:2 ) = [  960   15.65 ];
data_trmv_blis( 23, 1:2 ) = [  920   16.47 ];
data_trmv_blis( 22, 1:2 ) = [  880   18.26 ];
data_trmv_blis( 21, 1:2 ) = [  840   18.87 ];
data_trmv_blis( 20, 1:2 ) = [  800   17.25 ];
data_trmv_blis( 19, 1:2 ) = [  760   18.45 ];
data_trmv_blis( 18, 1:2 ) = [  720   17.75 ];
data_trmv_blis( 17, 1:2 ) = [  680   17.92 ];
data_trmv_blis( 16, 1:2 ) = [  640   13.88 ];
data_trmv_blis( 15, 1:2 ) = [  600   17.48 ];
data_trmv_blis( 14, 1:2 ) = [  560   16.68 ];
data_trmv_blis( 13, 1:2 ) = [  520   17.22 ];
data_trmv_blis( 12, 1:2 ) = [  480   15.57 ];
data_trmv_blis( 11, 1:2 ) = [  440   16.83 ];
data_trmv_blis( 10, 1:2 ) = [  400   16.16 ];
data_trmv_blis(  9, 1:2 ) = [  360   16.83 ];
data_trmv_blis(  8, 1:2 ) = [  320   12.80 ];
data_trmv_blis(  7, 1:2 ) = [  280   16.68 ];
data_trmv_blis(  6, 1:2 ) = [  240   15.57 ];
data_trmv_blis(  5, 1:2 ) = [  200   15.38 ];
data_trmv_blis(  4, 1:2 ) = [  160   12.19 ];
data_trmv_blis(  3, 1:2 ) = [  120   12.00 ];
data_trmv_blis(  2, 1:2 ) = [   80    7.11 ];
data_trmv_blis(  1, 1:2 ) = [   40    5.33 ];
