data_trsm_mkl( 10, 1:3 ) = [    0    0    0.00 ];
data_trsm_mkl( 10, 1:3 ) = [ 2000 2000   41.73 ];
data_trsm_mkl(  9, 1:3 ) = [ 1800 1800   40.42 ];
data_trsm_mkl(  8, 1:3 ) = [ 1600 1600   39.59 ];
data_trsm_mkl(  7, 1:3 ) = [ 1400 1400   38.28 ];
data_trsm_mkl(  6, 1:3 ) = [ 1200 1200   35.74 ];
data_trsm_mkl(  5, 1:3 ) = [ 1000 1000   36.19 ];
data_trsm_mkl(  4, 1:3 ) = [  800  800   33.85 ];
data_trsm_mkl(  3, 1:3 ) = [  600  600   31.50 ];
data_trsm_mkl(  2, 1:3 ) = [  400  400   27.83 ];
data_trsm_mkl(  1, 1:3 ) = [  200  200   22.43 ];
