data_ger_mkl( 50, 1:3 ) = [    0    0    0.00 ];
data_ger_mkl( 50, 1:3 ) = [ 2000 2000    2.96 ];
data_ger_mkl( 49, 1:3 ) = [ 1960 1960    2.75 ];
data_ger_mkl( 48, 1:3 ) = [ 1920 1920    2.95 ];
data_ger_mkl( 47, 1:3 ) = [ 1880 1880    3.13 ];
data_ger_mkl( 46, 1:3 ) = [ 1840 1840    3.12 ];
data_ger_mkl( 45, 1:3 ) = [ 1800 1800    3.12 ];
data_ger_mkl( 44, 1:3 ) = [ 1760 1760    3.14 ];
data_ger_mkl( 43, 1:3 ) = [ 1720 1720    3.21 ];
data_ger_mkl( 42, 1:3 ) = [ 1680 1680    3.26 ];
data_ger_mkl( 41, 1:3 ) = [ 1640 1640    3.27 ];
data_ger_mkl( 40, 1:3 ) = [ 1600 1600    3.29 ];
data_ger_mkl( 39, 1:3 ) = [ 1560 1560    3.24 ];
data_ger_mkl( 38, 1:3 ) = [ 1520 1520    3.35 ];
data_ger_mkl( 37, 1:3 ) = [ 1480 1480    3.60 ];
data_ger_mkl( 36, 1:3 ) = [ 1440 1440    3.18 ];
data_ger_mkl( 35, 1:3 ) = [ 1400 1400    2.93 ];
data_ger_mkl( 34, 1:3 ) = [ 1360 1360    3.80 ];
data_ger_mkl( 33, 1:3 ) = [ 1320 1320    3.93 ];
data_ger_mkl( 32, 1:3 ) = [ 1280 1280    4.02 ];
data_ger_mkl( 31, 1:3 ) = [ 1240 1240    4.66 ];
data_ger_mkl( 30, 1:3 ) = [ 1200 1200    4.53 ];
data_ger_mkl( 29, 1:3 ) = [ 1160 1160    5.08 ];
data_ger_mkl( 28, 1:3 ) = [ 1120 1120    5.44 ];
data_ger_mkl( 27, 1:3 ) = [ 1080 1080    6.28 ];
data_ger_mkl( 26, 1:3 ) = [ 1040 1040    6.39 ];
data_ger_mkl( 25, 1:3 ) = [ 1000 1000    7.62 ];
data_ger_mkl( 24, 1:3 ) = [  960  960    7.60 ];
data_ger_mkl( 23, 1:3 ) = [  920  920    8.84 ];
data_ger_mkl( 22, 1:3 ) = [  880  880    9.36 ];
data_ger_mkl( 21, 1:3 ) = [  840  840    9.99 ];
data_ger_mkl( 20, 1:3 ) = [  800  800   10.53 ];
data_ger_mkl( 19, 1:3 ) = [  760  760   10.76 ];
data_ger_mkl( 18, 1:3 ) = [  720  720   10.88 ];
data_ger_mkl( 17, 1:3 ) = [  680  680   10.97 ];
data_ger_mkl( 16, 1:3 ) = [  640  640   11.12 ];
data_ger_mkl( 15, 1:3 ) = [  600  600   11.16 ];
data_ger_mkl( 14, 1:3 ) = [  560  560   10.98 ];
data_ger_mkl( 13, 1:3 ) = [  520  520   11.08 ];
data_ger_mkl( 12, 1:3 ) = [  480  480   11.08 ];
data_ger_mkl( 11, 1:3 ) = [  440  440   11.09 ];
data_ger_mkl( 10, 1:3 ) = [  400  400   10.96 ];
data_ger_mkl(  9, 1:3 ) = [  360  360   10.76 ];
data_ger_mkl(  8, 1:3 ) = [  320  320   10.95 ];
data_ger_mkl(  7, 1:3 ) = [  280  280   10.97 ];
data_ger_mkl(  6, 1:3 ) = [  240  240   10.87 ];
data_ger_mkl(  5, 1:3 ) = [  200  200   10.96 ];
data_ger_mkl(  4, 1:3 ) = [  160  160   11.13 ];
data_ger_mkl(  3, 1:3 ) = [  120  120   10.67 ];
data_ger_mkl(  2, 1:3 ) = [   80   80    9.14 ];
data_ger_mkl(  1, 1:3 ) = [   40   40    8.00 ];
