data_her_mkl( 50, 1:2 ) = [    0    0.00 ];
data_her_mkl( 50, 1:2 ) = [ 2000    2.26 ];
data_her_mkl( 49, 1:2 ) = [ 1960    2.23 ];
data_her_mkl( 48, 1:2 ) = [ 1920    2.41 ];
data_her_mkl( 47, 1:2 ) = [ 1880    2.63 ];
data_her_mkl( 46, 1:2 ) = [ 1840    2.28 ];
data_her_mkl( 45, 1:2 ) = [ 1800    2.45 ];
data_her_mkl( 44, 1:2 ) = [ 1760    2.29 ];
data_her_mkl( 43, 1:2 ) = [ 1720    2.44 ];
data_her_mkl( 42, 1:2 ) = [ 1680    2.53 ];
data_her_mkl( 41, 1:2 ) = [ 1640    2.36 ];
data_her_mkl( 40, 1:2 ) = [ 1600    2.56 ];
data_her_mkl( 39, 1:2 ) = [ 1560    2.52 ];
data_her_mkl( 38, 1:2 ) = [ 1520    2.31 ];
data_her_mkl( 37, 1:2 ) = [ 1480    2.60 ];
data_her_mkl( 36, 1:2 ) = [ 1440    2.19 ];
data_her_mkl( 35, 1:2 ) = [ 1400    2.66 ];
data_her_mkl( 34, 1:2 ) = [ 1360    2.91 ];
data_her_mkl( 33, 1:2 ) = [ 1320    2.89 ];
data_her_mkl( 32, 1:2 ) = [ 1280    3.16 ];
data_her_mkl( 31, 1:2 ) = [ 1240    3.40 ];
data_her_mkl( 30, 1:2 ) = [ 1200    3.44 ];
data_her_mkl( 29, 1:2 ) = [ 1160    3.69 ];
data_her_mkl( 28, 1:2 ) = [ 1120    4.18 ];
data_her_mkl( 27, 1:2 ) = [ 1080    4.62 ];
data_her_mkl( 26, 1:2 ) = [ 1040    4.15 ];
data_her_mkl( 25, 1:2 ) = [ 1000    5.01 ];
data_her_mkl( 24, 1:2 ) = [  960    5.88 ];
data_her_mkl( 23, 1:2 ) = [  920    6.47 ];
data_her_mkl( 22, 1:2 ) = [  880    6.43 ];
data_her_mkl( 21, 1:2 ) = [  840    5.04 ];
data_her_mkl( 20, 1:2 ) = [  800    7.42 ];
data_her_mkl( 19, 1:2 ) = [  760    7.81 ];
data_her_mkl( 18, 1:2 ) = [  720    7.98 ];
data_her_mkl( 17, 1:2 ) = [  680    7.94 ];
data_her_mkl( 16, 1:2 ) = [  640    8.29 ];
data_her_mkl( 15, 1:2 ) = [  600    8.24 ];
data_her_mkl( 14, 1:2 ) = [  560    8.19 ];
data_her_mkl( 13, 1:2 ) = [  520    7.93 ];
data_her_mkl( 12, 1:2 ) = [  480    8.14 ];
data_her_mkl( 11, 1:2 ) = [  440    8.31 ];
data_her_mkl( 10, 1:2 ) = [  400    8.33 ];
data_her_mkl(  9, 1:2 ) = [  360    8.47 ];
data_her_mkl(  8, 1:2 ) = [  320    8.68 ];
data_her_mkl(  7, 1:2 ) = [  280    8.17 ];
data_her_mkl(  6, 1:2 ) = [  240    8.35 ];
data_her_mkl(  5, 1:2 ) = [  200    8.89 ];
data_her_mkl(  4, 1:2 ) = [  160    8.83 ];
data_her_mkl(  3, 1:2 ) = [  120    8.47 ];
data_her_mkl(  2, 1:2 ) = [   80    7.11 ];
data_her_mkl(  1, 1:2 ) = [   40    5.33 ];
