data_hemm_mkl( 10, 1:3 ) = [    0    0    0.00 ];
data_hemm_mkl( 10, 1:3 ) = [ 2000 2000   45.17 ];
data_hemm_mkl(  9, 1:3 ) = [ 1800 1800   44.52 ];
data_hemm_mkl(  8, 1:3 ) = [ 1600 1600   43.88 ];
data_hemm_mkl(  7, 1:3 ) = [ 1400 1400   47.31 ];
data_hemm_mkl(  6, 1:3 ) = [ 1200 1200   36.96 ];
data_hemm_mkl(  5, 1:3 ) = [ 1000 1000   45.51 ];
data_hemm_mkl(  4, 1:3 ) = [  800  800   47.08 ];
data_hemm_mkl(  3, 1:3 ) = [  600  600   49.30 ];
data_hemm_mkl(  2, 1:3 ) = [  400  400   52.40 ];
data_hemm_mkl(  1, 1:3 ) = [  200  200   46.84 ];
