data_her2_blis( 50, 1:2 ) = [    0    0.00 ];
data_her2_blis( 50, 1:2 ) = [ 2000    5.15 ];
data_her2_blis( 49, 1:2 ) = [ 1960    4.30 ];
data_her2_blis( 48, 1:2 ) = [ 1920    4.82 ];
data_her2_blis( 47, 1:2 ) = [ 1880    4.89 ];
data_her2_blis( 46, 1:2 ) = [ 1840    5.21 ];
data_her2_blis( 45, 1:2 ) = [ 1800    5.09 ];
data_her2_blis( 44, 1:2 ) = [ 1760    5.32 ];
data_her2_blis( 43, 1:2 ) = [ 1720    5.38 ];
data_her2_blis( 42, 1:2 ) = [ 1680    5.42 ];
data_her2_blis( 41, 1:2 ) = [ 1640    5.39 ];
data_her2_blis( 40, 1:2 ) = [ 1600    5.52 ];
data_her2_blis( 39, 1:2 ) = [ 1560    5.39 ];
data_her2_blis( 38, 1:2 ) = [ 1520    3.94 ];
data_her2_blis( 37, 1:2 ) = [ 1480    4.68 ];
data_her2_blis( 36, 1:2 ) = [ 1440    4.60 ];
data_her2_blis( 35, 1:2 ) = [ 1400    4.66 ];
data_her2_blis( 34, 1:2 ) = [ 1360    5.66 ];
data_her2_blis( 33, 1:2 ) = [ 1320    5.52 ];
data_her2_blis( 32, 1:2 ) = [ 1280    5.43 ];
data_her2_blis( 31, 1:2 ) = [ 1240    5.44 ];
data_her2_blis( 30, 1:2 ) = [ 1200    6.20 ];
data_her2_blis( 29, 1:2 ) = [ 1160    6.45 ];
data_her2_blis( 28, 1:2 ) = [ 1120    5.86 ];
data_her2_blis( 27, 1:2 ) = [ 1080    7.55 ];
data_her2_blis( 26, 1:2 ) = [ 1040    9.05 ];
data_her2_blis( 25, 1:2 ) = [ 1000   10.96 ];
data_her2_blis( 24, 1:2 ) = [  960   11.56 ];
data_her2_blis( 23, 1:2 ) = [  920   10.68 ];
data_her2_blis( 22, 1:2 ) = [  880   11.43 ];
data_her2_blis( 21, 1:2 ) = [  840   14.04 ];
data_her2_blis( 20, 1:2 ) = [  800   14.90 ];
data_her2_blis( 19, 1:2 ) = [  760   15.28 ];
data_her2_blis( 18, 1:2 ) = [  720   15.36 ];
data_her2_blis( 17, 1:2 ) = [  680   15.39 ];
data_her2_blis( 16, 1:2 ) = [  640   14.98 ];
data_her2_blis( 15, 1:2 ) = [  600   15.06 ];
data_her2_blis( 14, 1:2 ) = [  560   15.00 ];
data_her2_blis( 13, 1:2 ) = [  520   14.46 ];
data_her2_blis( 12, 1:2 ) = [  480   14.40 ];
data_her2_blis( 11, 1:2 ) = [  440   14.29 ];
data_her2_blis( 10, 1:2 ) = [  400   14.10 ];
data_her2_blis(  9, 1:2 ) = [  360   14.16 ];
data_her2_blis(  8, 1:2 ) = [  320   13.84 ];
data_her2_blis(  7, 1:2 ) = [  280   12.96 ];
data_her2_blis(  6, 1:2 ) = [  240   12.52 ];
data_her2_blis(  5, 1:2 ) = [  200   13.33 ];
data_her2_blis(  4, 1:2 ) = [  160   13.47 ];
data_her2_blis(  3, 1:2 ) = [  120   12.00 ];
data_her2_blis(  2, 1:2 ) = [   80    9.85 ];
data_her2_blis(  1, 1:2 ) = [   40    5.33 ];
