data_trsv_blis( 50, 1:2 ) = [    0    0.00 ];
data_trsv_blis( 50, 1:2 ) = [ 2000    6.66 ];
data_trsv_blis( 49, 1:2 ) = [ 1960    5.22 ];
data_trsv_blis( 48, 1:2 ) = [ 1920    7.52 ];
data_trsv_blis( 47, 1:2 ) = [ 1880    7.97 ];
data_trsv_blis( 46, 1:2 ) = [ 1840    7.80 ];
data_trsv_blis( 45, 1:2 ) = [ 1800   11.56 ];
data_trsv_blis( 44, 1:2 ) = [ 1760   11.76 ];
data_trsv_blis( 43, 1:2 ) = [ 1720   10.05 ];
data_trsv_blis( 42, 1:2 ) = [ 1680   10.06 ];
data_trsv_blis( 41, 1:2 ) = [ 1640   12.10 ];
data_trsv_blis( 40, 1:2 ) = [ 1600   13.96 ];
data_trsv_blis( 39, 1:2 ) = [ 1560   15.78 ];
data_trsv_blis( 38, 1:2 ) = [ 1520   16.84 ];
data_trsv_blis( 37, 1:2 ) = [ 1480   16.68 ];
data_trsv_blis( 36, 1:2 ) = [ 1440   16.44 ];
data_trsv_blis( 35, 1:2 ) = [ 1400   17.48 ];
data_trsv_blis( 34, 1:2 ) = [ 1360   18.53 ];
data_trsv_blis( 33, 1:2 ) = [ 1320   18.21 ];
data_trsv_blis( 32, 1:2 ) = [ 1280   13.88 ];
data_trsv_blis( 31, 1:2 ) = [ 1240   18.91 ];
data_trsv_blis( 30, 1:2 ) = [ 1200   18.65 ];
data_trsv_blis( 29, 1:2 ) = [ 1160   18.87 ];
data_trsv_blis( 28, 1:2 ) = [ 1120   17.45 ];
data_trsv_blis( 27, 1:2 ) = [ 1080   18.90 ];
data_trsv_blis( 26, 1:2 ) = [ 1040   18.49 ];
data_trsv_blis( 25, 1:2 ) = [ 1000   19.27 ];
data_trsv_blis( 24, 1:2 ) = [  960   15.92 ];
data_trsv_blis( 23, 1:2 ) = [  920   18.98 ];
data_trsv_blis( 22, 1:2 ) = [  880   18.31 ];
data_trsv_blis( 21, 1:2 ) = [  840   18.92 ];
data_trsv_blis( 20, 1:2 ) = [  800   17.25 ];
data_trsv_blis( 19, 1:2 ) = [  760   18.69 ];
data_trsv_blis( 18, 1:2 ) = [  720   17.75 ];
data_trsv_blis( 17, 1:2 ) = [  680   18.20 ];
data_trsv_blis( 16, 1:2 ) = [  640   14.12 ];
data_trsv_blis( 15, 1:2 ) = [  600   17.91 ];
data_trsv_blis( 14, 1:2 ) = [  560   16.95 ];
data_trsv_blis( 13, 1:2 ) = [  520   17.22 ];
data_trsv_blis( 12, 1:2 ) = [  480   15.46 ];
data_trsv_blis( 11, 1:2 ) = [  440   16.83 ];
data_trsv_blis( 10, 1:2 ) = [  400   16.49 ];
data_trsv_blis(  9, 1:2 ) = [  360   16.62 ];
data_trsv_blis(  8, 1:2 ) = [  320   13.13 ];
data_trsv_blis(  7, 1:2 ) = [  280   16.68 ];
data_trsv_blis(  6, 1:2 ) = [  240   15.16 ];
data_trsv_blis(  5, 1:2 ) = [  200   14.81 ];
data_trsv_blis(  4, 1:2 ) = [  160   11.64 ];
data_trsv_blis(  3, 1:2 ) = [  120   11.08 ];
data_trsv_blis(  2, 1:2 ) = [   80    8.00 ];
data_trsv_blis(  1, 1:2 ) = [   40    3.20 ];
