data_gemv_blis( 50, 1:3 ) = [    0    0    0.00 ];
data_gemv_blis( 50, 1:3 ) = [ 2000 2000    5.75 ];
data_gemv_blis( 49, 1:3 ) = [ 1960 1960    6.75 ];
data_gemv_blis( 48, 1:3 ) = [ 1920 1920    4.22 ];
data_gemv_blis( 47, 1:3 ) = [ 1880 1880    6.03 ];
data_gemv_blis( 46, 1:3 ) = [ 1840 1840    5.45 ];
data_gemv_blis( 45, 1:3 ) = [ 1800 1800    7.21 ];
data_gemv_blis( 44, 1:3 ) = [ 1760 1760    7.02 ];
data_gemv_blis( 43, 1:3 ) = [ 1720 1720    5.72 ];
data_gemv_blis( 42, 1:3 ) = [ 1680 1680    8.22 ];
data_gemv_blis( 41, 1:3 ) = [ 1640 1640    7.34 ];
data_gemv_blis( 40, 1:3 ) = [ 1600 1600    6.31 ];
data_gemv_blis( 39, 1:3 ) = [ 1560 1560    8.88 ];
data_gemv_blis( 38, 1:3 ) = [ 1520 1520    9.89 ];
data_gemv_blis( 37, 1:3 ) = [ 1480 1480   10.19 ];
data_gemv_blis( 36, 1:3 ) = [ 1440 1440   11.60 ];
data_gemv_blis( 35, 1:3 ) = [ 1400 1400   10.08 ];
data_gemv_blis( 34, 1:3 ) = [ 1360 1360   12.00 ];
data_gemv_blis( 33, 1:3 ) = [ 1320 1320   14.48 ];
data_gemv_blis( 32, 1:3 ) = [ 1280 1280   16.16 ];
data_gemv_blis( 31, 1:3 ) = [ 1240 1240   16.92 ];
data_gemv_blis( 30, 1:3 ) = [ 1200 1200   17.72 ];
data_gemv_blis( 29, 1:3 ) = [ 1160 1160   17.95 ];
data_gemv_blis( 28, 1:3 ) = [ 1120 1120   17.52 ];
data_gemv_blis( 27, 1:3 ) = [ 1080 1080   17.33 ];
data_gemv_blis( 26, 1:3 ) = [ 1040 1040   15.39 ];
data_gemv_blis( 25, 1:3 ) = [ 1000 1000   18.92 ];
data_gemv_blis( 24, 1:3 ) = [  960  960   20.90 ];
data_gemv_blis( 23, 1:3 ) = [  920  920   20.13 ];
data_gemv_blis( 22, 1:3 ) = [  880  880   21.19 ];
data_gemv_blis( 21, 1:3 ) = [  840  840   22.29 ];
data_gemv_blis( 20, 1:3 ) = [  800  800   22.26 ];
data_gemv_blis( 19, 1:3 ) = [  760  760   22.17 ];
data_gemv_blis( 18, 1:3 ) = [  720  720   21.97 ];
data_gemv_blis( 17, 1:3 ) = [  680  680   21.76 ];
data_gemv_blis( 16, 1:3 ) = [  640  640   21.56 ];
data_gemv_blis( 15, 1:3 ) = [  600  600   21.49 ];
data_gemv_blis( 14, 1:3 ) = [  560  560   21.41 ];
data_gemv_blis( 13, 1:3 ) = [  520  520   21.63 ];
data_gemv_blis( 12, 1:3 ) = [  480  480   22.37 ];
data_gemv_blis( 11, 1:3 ) = [  440  440   22.13 ];
data_gemv_blis( 10, 1:3 ) = [  400  400   21.62 ];
data_gemv_blis(  9, 1:3 ) = [  360  360   22.74 ];
data_gemv_blis(  8, 1:3 ) = [  320  320   22.76 ];
data_gemv_blis(  7, 1:3 ) = [  280  280   23.76 ];
data_gemv_blis(  6, 1:3 ) = [  240  240   23.04 ];
data_gemv_blis(  5, 1:3 ) = [  200  200   24.24 ];
data_gemv_blis(  4, 1:3 ) = [  160  160   24.38 ];
data_gemv_blis(  3, 1:3 ) = [  120  120   22.15 ];
data_gemv_blis(  2, 1:3 ) = [   80   80   16.00 ];
data_gemv_blis(  1, 1:3 ) = [   40   40   10.67 ];
