data_ger_blis( 50, 1:3 ) = [    0    0    0.00 ];
data_ger_blis( 50, 1:3 ) = [ 2000 2000    3.33 ];
data_ger_blis( 49, 1:3 ) = [ 1960 1960    3.29 ];
data_ger_blis( 48, 1:3 ) = [ 1920 1920    3.18 ];
data_ger_blis( 47, 1:3 ) = [ 1880 1880    3.21 ];
data_ger_blis( 46, 1:3 ) = [ 1840 1840    3.45 ];
data_ger_blis( 45, 1:3 ) = [ 1800 1800    3.45 ];
data_ger_blis( 44, 1:3 ) = [ 1760 1760    3.44 ];
data_ger_blis( 43, 1:3 ) = [ 1720 1720    3.46 ];
data_ger_blis( 42, 1:3 ) = [ 1680 1680    3.54 ];
data_ger_blis( 41, 1:3 ) = [ 1640 1640    3.60 ];
data_ger_blis( 40, 1:3 ) = [ 1600 1600    3.64 ];
data_ger_blis( 39, 1:3 ) = [ 1560 1560    3.77 ];
data_ger_blis( 38, 1:3 ) = [ 1520 1520    3.72 ];
data_ger_blis( 37, 1:3 ) = [ 1480 1480    3.72 ];
data_ger_blis( 36, 1:3 ) = [ 1440 1440    3.94 ];
data_ger_blis( 35, 1:3 ) = [ 1400 1400    4.12 ];
data_ger_blis( 34, 1:3 ) = [ 1360 1360    4.29 ];
data_ger_blis( 33, 1:3 ) = [ 1320 1320    3.51 ];
data_ger_blis( 32, 1:3 ) = [ 1280 1280    4.81 ];
data_ger_blis( 31, 1:3 ) = [ 1240 1240    4.85 ];
data_ger_blis( 30, 1:3 ) = [ 1200 1200    5.62 ];
data_ger_blis( 29, 1:3 ) = [ 1160 1160    5.92 ];
data_ger_blis( 28, 1:3 ) = [ 1120 1120    6.98 ];
data_ger_blis( 27, 1:3 ) = [ 1080 1080    5.84 ];
data_ger_blis( 26, 1:3 ) = [ 1040 1040    9.14 ];
data_ger_blis( 25, 1:3 ) = [ 1000 1000   10.00 ];
data_ger_blis( 24, 1:3 ) = [  960  960   10.45 ];
data_ger_blis( 23, 1:3 ) = [  920  920   11.18 ];
data_ger_blis( 22, 1:3 ) = [  880  880   12.83 ];
data_ger_blis( 21, 1:3 ) = [  840  840   11.46 ];
data_ger_blis( 20, 1:3 ) = [  800  800   13.96 ];
data_ger_blis( 19, 1:3 ) = [  760  760   13.13 ];
data_ger_blis( 18, 1:3 ) = [  720  720   13.90 ];
data_ger_blis( 17, 1:3 ) = [  680  680   14.43 ];
data_ger_blis( 16, 1:3 ) = [  640  640   14.60 ];
data_ger_blis( 15, 1:3 ) = [  600  600   14.69 ];
data_ger_blis( 14, 1:3 ) = [  560  560   14.62 ];
data_ger_blis( 13, 1:3 ) = [  520  520   14.66 ];
data_ger_blis( 12, 1:3 ) = [  480  480   15.06 ];
data_ger_blis( 11, 1:3 ) = [  440  440   14.78 ];
data_ger_blis( 10, 1:3 ) = [  400  400   14.81 ];
data_ger_blis(  9, 1:3 ) = [  360  360   14.81 ];
data_ger_blis(  8, 1:3 ) = [  320  320   14.63 ];
data_ger_blis(  7, 1:3 ) = [  280  280   14.52 ];
data_ger_blis(  6, 1:3 ) = [  240  240   14.58 ];
data_ger_blis(  5, 1:3 ) = [  200  200   14.81 ];
data_ger_blis(  4, 1:3 ) = [  160  160   16.00 ];
data_ger_blis(  3, 1:3 ) = [  120  120   13.09 ];
data_ger_blis(  2, 1:3 ) = [   80   80   12.80 ];
data_ger_blis(  1, 1:3 ) = [   40   40    8.00 ];
