data_gemm_mkl( 10, 1:4 ) = [    0    0    0    0.00 ];
data_gemm_mkl( 10, 1:4 ) = [ 2000 2000 2000   53.45 ];
data_gemm_mkl(  9, 1:4 ) = [ 1800 1800 1800   54.69 ];
data_gemm_mkl(  8, 1:4 ) = [ 1600 1600 1600   52.91 ];
data_gemm_mkl(  7, 1:4 ) = [ 1400 1400 1400   53.31 ];
data_gemm_mkl(  6, 1:4 ) = [ 1200 1200 1200   55.08 ];
data_gemm_mkl(  5, 1:4 ) = [ 1000 1000 1000   51.30 ];
data_gemm_mkl(  4, 1:4 ) = [  800  800  800   50.75 ];
data_gemm_mkl(  3, 1:4 ) = [  600  600  600   54.89 ];
data_gemm_mkl(  2, 1:4 ) = [  400  400  400   52.74 ];
data_gemm_mkl(  1, 1:4 ) = [  200  200  200   47.95 ];
