data_her2_mkl( 50, 1:2 ) = [    0    0.00 ];
data_her2_mkl( 50, 1:2 ) = [ 2000    5.13 ];
data_her2_mkl( 49, 1:2 ) = [ 1960    4.84 ];
data_her2_mkl( 48, 1:2 ) = [ 1920    4.60 ];
data_her2_mkl( 47, 1:2 ) = [ 1880    5.42 ];
data_her2_mkl( 46, 1:2 ) = [ 1840    5.43 ];
data_her2_mkl( 45, 1:2 ) = [ 1800    5.66 ];
data_her2_mkl( 44, 1:2 ) = [ 1760    5.58 ];
data_her2_mkl( 43, 1:2 ) = [ 1720    5.59 ];
data_her2_mkl( 42, 1:2 ) = [ 1680    5.61 ];
data_her2_mkl( 41, 1:2 ) = [ 1640    5.69 ];
data_her2_mkl( 40, 1:2 ) = [ 1600    4.31 ];
data_her2_mkl( 39, 1:2 ) = [ 1560    5.34 ];
data_her2_mkl( 38, 1:2 ) = [ 1520    5.28 ];
data_her2_mkl( 37, 1:2 ) = [ 1480    5.84 ];
data_her2_mkl( 36, 1:2 ) = [ 1440    5.85 ];
data_her2_mkl( 35, 1:2 ) = [ 1400    6.26 ];
data_her2_mkl( 34, 1:2 ) = [ 1360    5.65 ];
data_her2_mkl( 33, 1:2 ) = [ 1320    6.41 ];
data_her2_mkl( 32, 1:2 ) = [ 1280    6.23 ];
data_her2_mkl( 31, 1:2 ) = [ 1240    6.44 ];
data_her2_mkl( 30, 1:2 ) = [ 1200    6.20 ];
data_her2_mkl( 29, 1:2 ) = [ 1160    7.74 ];
data_her2_mkl( 28, 1:2 ) = [ 1120    7.67 ];
data_her2_mkl( 27, 1:2 ) = [ 1080    8.94 ];
data_her2_mkl( 26, 1:2 ) = [ 1040   10.55 ];
data_her2_mkl( 25, 1:2 ) = [ 1000   11.04 ];
data_her2_mkl( 24, 1:2 ) = [  960   11.02 ];
data_her2_mkl( 23, 1:2 ) = [  920   11.70 ];
data_her2_mkl( 22, 1:2 ) = [  880   12.86 ];
data_her2_mkl( 21, 1:2 ) = [  840   13.35 ];
data_her2_mkl( 20, 1:2 ) = [  800   13.75 ];
data_her2_mkl( 19, 1:2 ) = [  760   13.70 ];
data_her2_mkl( 18, 1:2 ) = [  720   14.05 ];
data_her2_mkl( 17, 1:2 ) = [  680   14.27 ];
data_her2_mkl( 16, 1:2 ) = [  640   14.47 ];
data_her2_mkl( 15, 1:2 ) = [  600   14.43 ];
data_her2_mkl( 14, 1:2 ) = [  560   14.16 ];
data_her2_mkl( 13, 1:2 ) = [  520   13.94 ];
data_her2_mkl( 12, 1:2 ) = [  480   14.27 ];
data_her2_mkl( 11, 1:2 ) = [  440   14.03 ];
data_her2_mkl( 10, 1:2 ) = [  400   13.68 ];
data_her2_mkl(  9, 1:2 ) = [  360   13.86 ];
data_her2_mkl(  8, 1:2 ) = [  320   13.84 ];
data_her2_mkl(  7, 1:2 ) = [  280   13.63 ];
data_her2_mkl(  6, 1:2 ) = [  240   13.24 ];
data_her2_mkl(  5, 1:2 ) = [  200   13.33 ];
data_her2_mkl(  4, 1:2 ) = [  160   13.13 ];
data_her2_mkl(  3, 1:2 ) = [  120   12.52 ];
data_her2_mkl(  2, 1:2 ) = [   80   11.64 ];
data_her2_mkl(  1, 1:2 ) = [   40    8.00 ];
