data_trmm_mkl( 10, 1:3 ) = [    0    0    0.00 ];
data_trmm_mkl( 10, 1:3 ) = [ 2000 2000   37.75 ];
data_trmm_mkl(  9, 1:3 ) = [ 1800 1800   37.90 ];
data_trmm_mkl(  8, 1:3 ) = [ 1600 1600   37.80 ];
data_trmm_mkl(  7, 1:3 ) = [ 1400 1400   37.98 ];
data_trmm_mkl(  6, 1:3 ) = [ 1200 1200   37.33 ];
data_trmm_mkl(  5, 1:3 ) = [ 1000 1000   37.05 ];
data_trmm_mkl(  4, 1:3 ) = [  800  800   34.95 ];
data_trmm_mkl(  3, 1:3 ) = [  600  600   33.39 ];
data_trmm_mkl(  2, 1:3 ) = [  400  400   29.45 ];
data_trmm_mkl(  1, 1:3 ) = [  200  200   22.14 ];
