data_hemm_openblas( 10, 1:3 ) = [    0    0    0.00 ];
data_hemm_openblas( 10, 1:3 ) = [ 2000 2000   92.38 ];
data_hemm_openblas(  9, 1:3 ) = [ 1800 1800   93.30 ];
data_hemm_openblas(  8, 1:3 ) = [ 1600 1600   92.52 ];
data_hemm_openblas(  7, 1:3 ) = [ 1400 1400   90.02 ];
data_hemm_openblas(  6, 1:3 ) = [ 1200 1200   87.90 ];
data_hemm_openblas(  5, 1:3 ) = [ 1000 1000   95.41 ];
data_hemm_openblas(  4, 1:3 ) = [  800  800   99.60 ];
data_hemm_openblas(  3, 1:3 ) = [  600  600   99.74 ];
data_hemm_openblas(  2, 1:3 ) = [  400  400   97.55 ];
data_hemm_openblas(  1, 1:3 ) = [  200  200   87.10 ];
