data_gemm_blis( 10, 1:4 ) = [    0    0    0    0.00 ];
data_gemm_blis( 10, 1:4 ) = [ 2000 2000 2000   54.38 ];
data_gemm_blis(  9, 1:4 ) = [ 1800 1800 1800   55.11 ];
data_gemm_blis(  8, 1:4 ) = [ 1600 1600 1600   55.08 ];
data_gemm_blis(  7, 1:4 ) = [ 1400 1400 1400   55.50 ];
data_gemm_blis(  6, 1:4 ) = [ 1200 1200 1200   55.55 ];
data_gemm_blis(  5, 1:4 ) = [ 1000 1000 1000   54.81 ];
data_gemm_blis(  4, 1:4 ) = [  800  800  800   52.23 ];
data_gemm_blis(  3, 1:4 ) = [  600  600  600   53.00 ];
data_gemm_blis(  2, 1:4 ) = [  400  400  400   55.88 ];
data_gemm_blis(  1, 1:4 ) = [  200  200  200   59.30 ];
