data_gemv_openblas( 50, 1:3 ) = [    0    0    0.00 ];
data_gemv_openblas( 50, 1:3 ) = [ 2000 2000    7.62 ];
data_gemv_openblas( 49, 1:3 ) = [ 1960 1960    3.93 ];
data_gemv_openblas( 48, 1:3 ) = [ 1920 1920    8.14 ];
data_gemv_openblas( 47, 1:3 ) = [ 1880 1880    8.07 ];
data_gemv_openblas( 46, 1:3 ) = [ 1840 1840    8.10 ];
data_gemv_openblas( 45, 1:3 ) = [ 1800 1800    8.55 ];
data_gemv_openblas( 44, 1:3 ) = [ 1760 1760    7.60 ];
data_gemv_openblas( 43, 1:3 ) = [ 1720 1720    9.30 ];
data_gemv_openblas( 42, 1:3 ) = [ 1680 1680    9.55 ];
data_gemv_openblas( 41, 1:3 ) = [ 1640 1640    9.91 ];
data_gemv_openblas( 40, 1:3 ) = [ 1600 1600   11.13 ];
data_gemv_openblas( 39, 1:3 ) = [ 1560 1560   11.16 ];
data_gemv_openblas( 38, 1:3 ) = [ 1520 1520   13.42 ];
data_gemv_openblas( 37, 1:3 ) = [ 1480 1480   14.93 ];
data_gemv_openblas( 36, 1:3 ) = [ 1440 1440   15.81 ];
data_gemv_openblas( 35, 1:3 ) = [ 1400 1400   17.13 ];
data_gemv_openblas( 34, 1:3 ) = [ 1360 1360   18.80 ];
data_gemv_openblas( 33, 1:3 ) = [ 1320 1320   15.47 ];
data_gemv_openblas( 32, 1:3 ) = [ 1280 1280   24.47 ];
data_gemv_openblas( 31, 1:3 ) = [ 1240 1240   26.90 ];
data_gemv_openblas( 30, 1:3 ) = [ 1200 1200   26.23 ];
data_gemv_openblas( 29, 1:3 ) = [ 1160 1160   29.90 ];
data_gemv_openblas( 28, 1:3 ) = [ 1120 1120   27.42 ];
data_gemv_openblas( 27, 1:3 ) = [ 1080 1080   29.72 ];
data_gemv_openblas( 26, 1:3 ) = [ 1040 1040   34.39 ];
data_gemv_openblas( 25, 1:3 ) = [ 1000 1000   31.45 ];
data_gemv_openblas( 24, 1:3 ) = [  960  960   33.76 ];
data_gemv_openblas( 23, 1:3 ) = [  920  920   32.87 ];
data_gemv_openblas( 22, 1:3 ) = [  880  880   33.45 ];
data_gemv_openblas( 21, 1:3 ) = [  840  840   32.52 ];
data_gemv_openblas( 20, 1:3 ) = [  800  800   33.60 ];
data_gemv_openblas( 19, 1:3 ) = [  760  760   31.22 ];
data_gemv_openblas( 18, 1:3 ) = [  720  720   33.34 ];
data_gemv_openblas( 17, 1:3 ) = [  680  680   30.62 ];
data_gemv_openblas( 16, 1:3 ) = [  640  640   30.91 ];
data_gemv_openblas( 15, 1:3 ) = [  600  600   26.09 ];
data_gemv_openblas( 14, 1:3 ) = [  560  560   29.87 ];
data_gemv_openblas( 13, 1:3 ) = [  520  520   28.02 ];
data_gemv_openblas( 12, 1:3 ) = [  480  480   30.52 ];
data_gemv_openblas( 11, 1:3 ) = [  440  440   26.89 ];
data_gemv_openblas( 10, 1:3 ) = [  400  400   29.91 ];
data_gemv_openblas(  9, 1:3 ) = [  360  360   21.60 ];
data_gemv_openblas(  8, 1:3 ) = [  320  320   32.00 ];
data_gemv_openblas(  7, 1:3 ) = [  280  280   24.89 ];
data_gemv_openblas(  6, 1:3 ) = [  240  240   36.00 ];
data_gemv_openblas(  5, 1:3 ) = [  200  200   22.22 ];
data_gemv_openblas(  4, 1:3 ) = [  160  160   28.44 ];
data_gemv_openblas(  3, 1:3 ) = [  120  120   15.16 ];
data_gemv_openblas(  2, 1:3 ) = [   80   80   25.60 ];
data_gemv_openblas(  1, 1:3 ) = [   40   40   32.00 ];
